K_BEST_GATEWAYS 參數實驗比較報告
======================================================================
實驗配置：Grid Degree = 27°, 模擬時長 = 20 秒
測試 K 值：1, 2, 4, 6, 8, 999

總體統計：
----------------------------------------------------------------------
K 值      總事件數         總字節數            平均事件開銷         
----------------------------------------------------------------------
1        444          54,956,672      123776.3       
2        450          55,101,952      122448.8       
4        451          55,396,992      122831.5       
6        452          55,694,208      123217.3       
8        452          55,987,456      123866.1       
All      452          59,927,296      132582.5       


按事件類型詳細統計：
======================================================================

Gateway 更新：
----------------------------------------------------------------------
K 值      次數           總字節數            平均大小           
----------------------------------------------------------------------
1        18           284,800         15822.2        
2        24           430,080         17920.0        
4        25           725,120         29004.8        
6        26           1,022,336       39320.6        
8        26           1,315,584       50599.4        
All      26           5,255,424       202131.7       

Routing 更新：
----------------------------------------------------------------------
K 值      次數           總字節數            平均大小           
----------------------------------------------------------------------
1        207          54,636,000      263942.0       
2        207          54,636,000      263942.0       
4        207          54,636,000      263942.0       
6        207          54,636,000      263942.0       
8        207          54,636,000      263942.0       
All      207          54,636,000      263942.0       

GID 重建：
----------------------------------------------------------------------
K 值      次數           總字節數            平均大小           
----------------------------------------------------------------------
1        209          35,552          170.1          
2        209          35,552          170.1          
4        209          35,552          170.1          
6        209          35,552          170.1          
8        209          35,552          170.1          
All      209          35,552          170.1          
